140271
157480
186080
207579
451937
508192
529297
542362
570175
627227
663827
682649
718238
742691
750643
754596
770362
771630
772630
824219
832828
842173
939426
982953
994893
1008334
1016612
1017063
1020427
1022195
1089542
1100668
1250553
1361801
1402503
1443244
1446561
1447545
1486335
1494355
1528435
1602727
1604801
1643112
1652929
1675937
1751468
1820186
1833439
1906817
1949489
2003059
2006616
2067679
2068610
2112291
2262986
2311961
2349422
2407735
2442848
2484264
2544439
2552175
2781070
2965497
3043444
3086892
3102435
3154771
3262627
3309556
3391031
3449236
3488175
3586804
3600557
3644667
3645098
3650237
3689011
3693327
3716438
3764133
3877497
4052175
4104555
4128266
4303535
4408389
4467735
4522878
4543422
4564320
4565386
4587596
4658828
4675826
4687503
4818056
